version https://git-lfs.github.com/spec/v1
oid sha256:52c06c99916ab0b0dd1ff2d48d3c027dee33a0b5e3815019ba6e3ad576070ed0
size 239816
