version https://git-lfs.github.com/spec/v1
oid sha256:378e4c9dc3213013858f779b09856651ed7f179a2aafe7300d63b8eff3c78c4b
size 98123
