version https://git-lfs.github.com/spec/v1
oid sha256:753076703a827eeb7376b72ff27e6f6611c6be29cb07c50f05c94779e29d9ddd
size 26343
